
MY_ACCOUNT_ID = 0.0.17187
MY_PRIVATE_KEY = 302e020100300506032b65700422042043683092d7d2748eacf4a44276778c91d70f4cc22c8cfc256e377adcdc66dba5

/*TREASURY_ACCOUNT_ID = 0.0.208660*/
#TREASURY_PRIVATE_KEY = 302e020100300506032b657004220420126d17f9665aab8473d74e14fcc8c21968d8a2487a21a333d6e2c6ac2c04c325

TREASURY_ACCOUNT_ID = 0.0.208660
TREASURY_PRIVATE_KEY = 302e020100300506032b657004220420126d17f9665aab8473d74e14fcc8c21968d8a2487a21a333d6e2c6ac2c04c325

ALICE_ACCOUNT_ID = 0.0.208686
ALICE_PRIVATE_KEY = 302e020100300506032b657004220420a5217c8fc6e404a264e76b171491266ba93db4f563565b97b7acab8600830eb0

TOKEN_ID = 0.0.208679
TOKEN_PRIVATE_KEY = 302e020100300506032b6570042204209fb3a6185c86c181f24bff1c91cc84184f2059bf9faddb3f23929583f78ed3b7
TOKEN_PUBLIC_KEY = 302a300506032b6570032100030d77cde0f3e686ad4d1ab4637a7c5e8b3713cceebb93070413e6ed0fe8a3a3